0.022291582 0.1116875 0.0 0.0 0.0 0.0 0.0 1.0
0.031785369 0.113791666667 0.0 0.0 0.0 0.0 0.0 1.0
0.042390648 0.116333333333 0.0 0.0 0.0 0.0 0.0 1.0
0.051903182 0.118854166667 0.0 0.0 0.0 0.0 0.0 1.0
0.062358850 0.121791666667 0.0 0.0 0.0 0.0 0.0 1.0
0.072002959 0.124645833333 0.0 0.0 0.0 0.0 0.0 1.0
0.081541504 0.127666666667 0.0 0.0 0.0 0.0 0.0 1.0
0.092026025 0.131020833333 0.0 0.0 0.0 0.0 0.0 1.0
0.101682057 0.134041666667 0.0 0.0 0.0 0.0 0.0 1.0
0.111882371 0.1373125 0.0 0.0 0.0 0.0 0.0 1.0
0.122593160 0.140666666667 0.0 0.0 0.0 0.0 0.0 1.0
0.132075957 0.143729166667 0.0 0.0 0.0 0.0 0.0 1.0
0.142225723 0.146833333333 0.0 0.0 0.0 0.0 0.0 1.0
0.151906506 0.15 0.0 0.0 0.0 0.0 0.0 1.0
0.161489187 0.1530625 0.0 0.0 0.0 0.0 0.0 1.0
0.172267651 0.1564375 0.0 0.0 0.0 0.0 0.0 1.0
0.181828395 0.159541666667 0.0 0.0 0.0 0.0 0.0 1.0
0.192386420 0.162895833333 0.0 0.0 0.0 0.0 0.0 1.0
0.201912397 0.165958333333 0.0 0.0 0.0 0.0 0.0 1.0
0.211959465 0.169083333333 0.0 0.0 0.0 0.0 0.0 1.0
0.222314346 0.1724375 0.0 0.0 0.0 0.0 0.0 1.0
0.231822243 0.175458333333 0.0 0.0 0.0 0.0 0.0 1.0
0.242267852 0.178770833333 0.0 0.0 0.0 0.0 0.0 1.0
0.252140793 0.1818125 0.0 0.0 0.0 0.0 0.0 1.0
0.261624029 0.184916666667 0.0 0.0 0.0 0.0 0.0 1.0
0.272251341 0.188291666667 0.0 0.0 0.0 0.0 0.0 1.0
0.281850733 0.191333333333 0.0 0.0 0.0 0.0 0.0 1.0
0.292283124 0.194666666667 0.0 0.0 0.0 0.0 0.0 1.0
0.301939456 0.197708333333 0.0 0.0 0.0 0.0 0.0 1.0
0.311781633 0.2008125 0.0 0.0 0.0 0.0 0.0 1.0
0.322471352 0.204229166667 0.0 0.0 0.0 0.0 0.0 1.0
0.332151887 0.207291666667 0.0 0.0 0.0 0.0 0.0 1.0
0.341865067 0.210375 0.0 0.0 0.0 0.0 0.0 1.0
0.352226513 0.213770833333 0.0 0.0 0.0 0.0 0.0 1.0
0.361747857 0.216770833333 0.0 0.0 0.0 0.0 0.0 1.0
0.372257444 0.220104166667 0.0 0.0 0.0 0.0 0.0 1.0
0.381756732 0.223125 0.0 0.0 0.0 0.0 0.0 1.0
0.392455478 0.2265 0.0 0.0 0.0 0.0 0.0 1.0
0.402090147 0.229541666667 0.0 0.0 0.0 0.0 0.0 1.0
0.412224531 0.232770833333 0.0 0.0 0.0 0.0 0.0 1.0
0.421866620 0.235833333333 0.0 0.0 0.0 0.0 0.0 1.0
0.432547814 0.239208333333 0.0 0.0 0.0 0.0 0.0 1.0
0.442006542 0.242270833333 0.0 0.0 0.0 0.0 0.0 1.0
0.451600653 0.245270833333 0.0 0.0 0.0 0.0 0.0 1.0
0.462231630 0.248645833333 0.0 0.0 0.0 0.0 0.0 1.0
0.472025820 0.251729166667 0.0 0.0 0.0 0.0 0.0 1.0
0.481436707 0.254791666667 0.0 0.0 0.0 0.0 0.0 1.0
0.492087473 0.258166666667 0.0 0.0 0.0 0.0 0.0 1.0
0.501789465 0.2611875 0.0 0.0 0.0 0.0 0.0 1.0
0.511900863 0.264458333333 0.0 0.0 0.0 0.0 0.0 1.0
0.522696029 0.2678125 0.0 0.0 0.0 0.0 0.0 1.0
0.532315256 0.2709375 0.0 0.0 0.0 0.0 0.0 1.0
0.541851932 0.274 0.0 0.0 0.0 0.0 0.0 1.0
0.552685829 0.277354166667 0.0 0.0 0.0 0.0 0.0 1.0
0.562228365 0.280458333333 0.0 0.0 0.0 0.0 0.0 1.0
0.571998277 0.283520833333 0.0 0.0 0.0 0.0 0.0 1.0
0.581684294 0.286604166667 0.0 0.0 0.0 0.0 0.0 1.0
0.592217022 0.289979166667 0.0 0.0 0.0 0.0 0.0 1.0
0.601706728 0.293 0.0 0.0 0.0 0.0 0.0 1.0
0.611822526 0.296208333333 0.0 0.0 0.0 0.0 0.0 1.0
0.622148395 0.299541666667 0.0 0.0 0.0 0.0 0.0 1.0
0.631865927 0.302583333333 0.0 0.0 0.0 0.0 0.0 1.0
0.642319317 0.305958333333 0.0 0.0 0.0 0.0 0.0 1.0
0.652080114 0.308979166667 0.0 0.0 0.0 0.0 0.0 1.0
0.661760737 0.312020833333 0.0 0.0 0.0 0.0 0.0 1.0
0.672222020 0.3154375 0.0 0.0 0.0 0.0 0.0 1.0
0.682270385 0.318604166667 0.0 0.0 0.0 0.0 0.0 1.0
0.692046271 0.321666666667 0.0 0.0 0.0 0.0 0.0 1.0
0.701517906 0.32475 0.0 0.0 0.0 0.0 0.0 1.0
0.712352969 0.328208333333 0.0 0.0 0.0 0.0 0.0 1.0
0.722164261 0.331229166667 0.0 0.0 0.0 0.0 0.0 1.0
0.731731721 0.334333333333 0.0 0.0 0.0 0.0 0.0 1.0
0.742413493 0.337708333333 0.0 0.0 0.0 0.0 0.0 1.0
0.752023064 0.340770833333 0.0 0.0 0.0 0.0 0.0 1.0
0.762593738 0.344145833333 0.0 0.0 0.0 0.0 0.0 1.0
0.772201155 0.347208333333 0.0 0.0 0.0 0.0 0.0 1.0
0.781752859 0.350291666667 0.0 0.0 0.0 0.0 0.0 1.0
0.792229622 0.353625 0.0 0.0 0.0 0.0 0.0 1.0
0.801747700 0.356645833333 0.0 0.0 0.0 0.0 0.0 1.0
0.811794097 0.359770833333 0.0 0.0 0.0 0.0 0.0 1.0
0.822291360 0.363145833333 0.0 0.0 0.0 0.0 0.0 1.0
0.831740285 0.366166666667 0.0 0.0 0.0 0.0 0.0 1.0
0.842260608 0.369520833333 0.0 0.0 0.0 0.0 0.0 1.0
0.851766971 0.372541666667 0.0 0.0 0.0 0.0 0.0 1.0
0.862276805 0.375895833333 0.0 0.0 0.0 0.0 0.0 1.0
0.871866989 0.378916666667 0.0 0.0 0.0 0.0 0.0 1.0
0.882477600 0.38225 0.0 0.0 0.0 0.0 0.0 1.0
0.892013311 0.3853125 0.0 0.0 0.0 0.0 0.0 1.0
0.901511322 0.3883125 0.0 0.0 0.0 0.0 0.0 1.0
0.912240816 0.39175 0.0 0.0 0.0 0.0 0.0 1.0
0.921811312 0.394791666667 0.0 0.0 0.0 0.0 0.0 1.0
0.932467146 0.398145833333 0.0 0.0 0.0 0.0 0.0 1.0
0.942242269 0.401208333333 0.0 0.0 0.0 0.0 0.0 1.0
0.951876206 0.4043125 0.0 0.0 0.0 0.0 0.0 1.0
0.962520797 0.407666666667 0.0 0.0 0.0 0.0 0.0 1.0
0.972014620 0.41075 0.0 0.0 0.0 0.0 0.0 1.0
0.982766561 0.414083333333 0.0 0.0 0.0 0.0 0.0 1.0
0.992365077 0.417208333333 0.0 0.0 0.0 0.0 0.0 1.0
1.001964820 0.420229166667 0.0 0.0 0.0 0.0 0.0 1.0
1.011862982 0.423395833333 0.0 0.0 0.0 0.0 0.0 1.0
1.022514225 0.42675 0.0 0.0 0.0 0.0 0.0 1.0
1.031843444 0.429770833333 0.0 0.0 0.0 0.0 0.0 1.0
1.042552415 0.433125 0.0 0.0 0.0 0.0 0.0 1.0
1.052121086 0.4361875 0.0 0.0 0.0 0.0 0.0 1.0
1.061760232 0.43925 0.0 0.0 0.0 0.0 0.0 1.0
1.072210443 0.442625 0.0 0.0 0.0 0.0 0.0 1.0
1.081886956 0.445645833333 0.0 0.0 0.0 0.0 0.0 1.0
1.092688145 0.449020833333 0.0 0.0 0.0 0.0 0.0 1.0
1.102276345 0.452104166667 0.0 0.0 0.0 0.0 0.0 1.0
1.112270018 0.455270833333 0.0 0.0 0.0 0.0 0.0 1.0
1.122041753 0.458354166667 0.0 0.0 0.0 0.0 0.0 1.0
1.131570298 0.461416666667 0.0 0.0 0.0 0.0 0.0 1.0
1.142277717 0.464791666667 0.0 0.0 0.0 0.0 0.0 1.0
1.152041379 0.467916666667 0.0 0.0 0.0 0.0 0.0 1.0
1.161718780 0.470979166667 0.0 0.0 0.0 0.0 0.0 1.0
1.172243544 0.474375 0.0 0.0 0.0 0.0 0.0 1.0
1.181908961 0.477458333333 0.0 0.0 0.0 0.0 0.0 1.0
1.192364764 0.480791666667 0.0 0.0 0.0 0.0 0.0 1.0
1.201960704 0.483833333333 0.0 0.0 0.0 0.0 0.0 1.0
1.212099146 0.487041666667 0.0 0.0 0.0 0.0 0.0 1.0
1.221893302 0.490104166667 0.0 0.0 0.0 0.0 0.0 1.0
1.232486771 0.493541666667 0.0 0.0 0.0 0.0 0.0 1.0
1.242137957 0.496583333333 0.0 0.0 0.0 0.0 0.0 1.0
1.251884622 0.499645833333 0.0 0.0 0.0 0.0 0.0 1.0
1.262614955 0.503083333333 0.0 0.0 0.0 0.0 0.0 1.0
1.272275972 0.506145833333 0.0 0.0 0.0 0.0 0.0 1.0
1.282371893 0.509229166667 0.0 0.0 0.0 0.0 0.0 1.0
1.291690058 0.512354166667 0.0 0.0 0.0 0.0 0.0 1.0
1.302212739 0.515729166667 0.0 0.0 0.0 0.0 0.0 1.0
1.312520142 0.518958333333 0.0 0.0 0.0 0.0 0.0 1.0
1.322253638 0.522020833333 0.0 0.0 0.0 0.0 0.0 1.0
1.331873997 0.525125 0.0 0.0 0.0 0.0 0.0 1.0
1.342647163 0.5285 0.0 0.0 0.0 0.0 0.0 1.0
1.352410186 0.531583333333 0.0 0.0 0.0 0.0 0.0 1.0
1.361997049 0.5346875 0.0 0.0 0.0 0.0 0.0 1.0
1.371666139 0.537729166667 0.0 0.0 0.0 0.0 0.0 1.0
1.382512391 0.541208333333 0.0 0.0 0.0 0.0 0.0 1.0
1.392151015 0.544270833333 0.0 0.0 0.0 0.0 0.0 1.0
1.401911502 0.547333333333 0.0 0.0 0.0 0.0 0.0 1.0
1.412026582 0.550583333333 0.0 0.0 0.0 0.0 0.0 1.0
1.421504301 0.553625 0.0 0.0 0.0 0.0 0.0 1.0
1.432264649 0.556979166667 0.0 0.0 0.0 0.0 0.0 1.0
1.441873255 0.560104166667 0.0 0.0 0.0 0.0 0.0 1.0
1.452286521 0.563458333333 0.0 0.0 0.0 0.0 0.0 1.0
1.461865420 0.566479166667 0.0 0.0 0.0 0.0 0.0 1.0
1.472613449 0.569833333333 0.0 0.0 0.0 0.0 0.0 1.0
1.482263424 0.572916666667 0.0 0.0 0.0 0.0 0.0 1.0
1.491812406 0.575979166667 0.0 0.0 0.0 0.0 0.0 1.0
1.502319879 0.579333333333 0.0 0.0 0.0 0.0 0.0 1.0
1.512357298 0.582458333333 0.0 0.0 0.0 0.0 0.0 1.0
1.521836577 0.585541666667 0.0 0.0 0.0 0.0 0.0 1.0
1.532359689 0.588875 0.0 0.0 0.0 0.0 0.0 1.0
1.542136193 0.591916666667 0.0 0.0 0.0 0.0 0.0 1.0
1.552692731 0.595270833333 0.0 0.0 0.0 0.0 0.0 1.0
1.562191159 0.598333333333 0.0 0.0 0.0 0.0 0.0 1.0
1.571852095 0.601416666667 0.0 0.0 0.0 0.0 0.0 1.0
1.582387970 0.604770833333 0.0 0.0 0.0 0.0 0.0 1.0
1.591995547 0.607791666667 0.0 0.0 0.0 0.0 0.0 1.0
1.601526333 0.610833333333 0.0 0.0 0.0 0.0 0.0 1.0
1.612823507 0.614395833333 0.0 0.0 0.0 0.0 0.0 1.0
1.622229079 0.617458333333 0.0 0.0 0.0 0.0 0.0 1.0
1.632042246 0.620479166667 0.0 0.0 0.0 0.0 0.0 1.0
1.641361879 0.623541666667 0.0 0.0 0.0 0.0 0.0 1.0
1.652020313 0.626916666667 0.0 0.0 0.0 0.0 0.0 1.0
1.661498860 0.629916666667 0.0 0.0 0.0 0.0 0.0 1.0
1.672019455 0.633270833333 0.0 0.0 0.0 0.0 0.0 1.0
1.681571091 0.636270833333 0.0 0.0 0.0 0.0 0.0 1.0
1.692144116 0.639666666667 0.0 0.0 0.0 0.0 0.0 1.0
1.701752309 0.6426875 0.0 0.0 0.0 0.0 0.0 1.0
1.711670648 0.645875 0.0 0.0 0.0 0.0 0.0 1.0
1.722282529 0.64925 0.0 0.0 0.0 0.0 0.0 1.0
1.731821680 0.652270833333 0.0 0.0 0.0 0.0 0.0 1.0
1.742358973 0.655645833333 0.0 0.0 0.0 0.0 0.0 1.0
1.751886344 0.658666666667 0.0 0.0 0.0 0.0 0.0 1.0
1.762538236 0.662 0.0 0.0 0.0 0.0 0.0 1.0
1.772149039 0.6650625 0.0 0.0 0.0 0.0 0.0 1.0
1.781895268 0.668125 0.0 0.0 0.0 0.0 0.0 1.0
1.792492886 0.671541666667 0.0 0.0 0.0 0.0 0.0 1.0
1.801959560 0.674583333333 0.0 0.0 0.0 0.0 0.0 1.0
1.811855728 0.677729166667 0.0 0.0 0.0 0.0 0.0 1.0
1.822512460 0.681083333333 0.0 0.0 0.0 0.0 0.0 1.0
1.832261674 0.684145833333 0.0 0.0 0.0 0.0 0.0 1.0
1.842014407 0.68725 0.0 0.0 0.0 0.0 0.0 1.0
1.851444532 0.690333333333 0.0 0.0 0.0 0.0 0.0 1.0
1.861966435 0.693666666667 0.0 0.0 0.0 0.0 0.0 1.0
1.871488712 0.696666666667 0.0 0.0 0.0 0.0 0.0 1.0
1.882190320 0.7 0.0 0.0 0.0 0.0 0.0 1.0
1.891879003 0.703145833333 0.0 0.0 0.0 0.0 0.0 1.0
1.902350559 0.7065 0.0 0.0 0.0 0.0 0.0 1.0
1.912472254 0.709645833333 0.0 0.0 0.0 0.0 0.0 1.0
1.922294546 0.712770833333 0.0 0.0 0.0 0.0 0.0 1.0
1.932182611 0.715895833333 0.0 0.0 0.0 0.0 0.0 1.0
1.941788645 0.718979166667 0.0 0.0 0.0 0.0 0.0 1.0
1.952211787 0.722354166667 0.0 0.0 0.0 0.0 0.0 1.0
1.961784966 0.725354166667 0.0 0.0 0.0 0.0 0.0 1.0
1.972330667 0.728729166667 0.0 0.0 0.0 0.0 0.0 1.0
1.981967346 0.731791666667 0.0 0.0 0.0 0.0 0.0 1.0
1.992565952 0.735145833333 0.0 0.0 0.0 0.0 0.0 1.0
2.002120597 0.738208333333 0.0 0.0 0.0 0.0 0.0 1.0
2.012234451 0.741354166667 0.0 0.0 0.0 0.0 0.0 1.0
2.021876914 0.744458333333 0.0 0.0 0.0 0.0 0.0 1.0
2.032379159 0.7478125 0.0 0.0 0.0 0.0 0.0 1.0
2.041985563 0.750854166667 0.0 0.0 0.0 0.0 0.0 1.0
2.051487965 0.753895833333 0.0 0.0 0.0 0.0 0.0 1.0
2.061984558 0.75725 0.0 0.0 0.0 0.0 0.0 1.0
2.072465909 0.7605625 0.0 0.0 0.0 0.0 0.0 1.0
2.082066839 0.763604166667 0.0 0.0 0.0 0.0 0.0 1.0
2.091944076 0.766666666667 0.0 0.0 0.0 0.0 0.0 1.0
2.102457309 0.770104166667 0.0 0.0 0.0 0.0 0.0 1.0
2.112826757 0.7733125 0.0 0.0 0.0 0.0 0.0 1.0
2.122357435 0.776416666667 0.0 0.0 0.0 0.0 0.0 1.0
2.131982609 0.779458333333 0.0 0.0 0.0 0.0 0.0 1.0
2.142227531 0.7826875 0.0 0.0 0.0 0.0 0.0 1.0
2.151739100 0.785729166667 0.0 0.0 0.0 0.0 0.0 1.0
2.162373371 0.789125 0.0 0.0 0.0 0.0 0.0 1.0
2.172152982 0.792166666667 0.0 0.0 0.0 0.0 0.0 1.0
2.181724911 0.795291666667 0.0 0.0 0.0 0.0 0.0 1.0
2.192217237 0.798645833333 0.0 0.0 0.0 0.0 0.0 1.0
2.201808711 0.8016875 0.0 0.0 0.0 0.0 0.0 1.0
2.212178285 0.8048125 0.0 0.0 0.0 0.0 0.0 1.0
2.221882671 0.808020833333 0.0 0.0 0.0 0.0 0.0 1.0
2.232380817 0.811395833333 0.0 0.0 0.0 0.0 0.0 1.0
2.241823845 0.8144375 0.0 0.0 0.0 0.0 0.0 1.0
2.252506602 0.81775 0.0 0.0 0.0 0.0 0.0 1.0
2.262010778 0.820833333333 0.0 0.0 0.0 0.0 0.0 1.0
2.271439219 0.8238125 0.0 0.0 0.0 0.0 0.0 1.0
2.282260978 0.8271875 0.0 0.0 0.0 0.0 0.0 1.0
2.292062229 0.830291666667 0.0 0.0 0.0 0.0 0.0 1.0
2.301593264 0.833375 0.0 0.0 0.0 0.0 0.0 1.0
2.313056137 0.836979166667 0.0 0.0 0.0 0.0 0.0 1.0
2.321625434 0.839708333333 0.0 0.0 0.0 0.0 0.0 1.0
2.332280342 0.843104166667 0.0 0.0 0.0 0.0 0.0 1.0
2.342000297 0.8461875 0.0 0.0 0.0 0.0 0.0 1.0
2.351476192 0.849270833333 0.0 0.0 0.0 0.0 0.0 1.0
2.362130933 0.852604166667 0.0 0.0 0.0 0.0 0.0 1.0
2.371717242 0.8556875 0.0 0.0 0.0 0.0 0.0 1.0
2.382231588 0.859041666667 0.0 0.0 0.0 0.0 0.0 1.0
2.391880889 0.8620625 0.0 0.0 0.0 0.0 0.0 1.0
2.402292605 0.8654375 0.0 0.0 0.0 0.0 0.0 1.0
2.412520274 0.868604166667 0.0 0.0 0.0 0.0 0.0 1.0
2.422278794 0.871729166667 0.0 0.0 0.0 0.0 0.0 1.0
2.431973021 0.8748125 0.0 0.0 0.0 0.0 0.0 1.0
2.441563614 0.877875 0.0 0.0 0.0 0.0 0.0 1.0
2.452232076 0.881270833333 0.0 0.0 0.0 0.0 0.0 1.0
2.461886525 0.884333333333 0.0 0.0 0.0 0.0 0.0 1.0
2.472414354 0.887708333333 0.0 0.0 0.0 0.0 0.0 1.0
2.482017029 0.890729166667 0.0 0.0 0.0 0.0 0.0 1.0
2.492777895 0.894083333333 0.0 0.0 0.0 0.0 0.0 1.0
2.502268258 0.8971875 0.0 0.0 0.0 0.0 0.0 1.0
2.512168423 0.900333333333 0.0 0.0 0.0 0.0 0.0 1.0
2.521734873 0.903354166667 0.0 0.0 0.0 0.0 0.0 1.0
2.532449911 0.90675 0.0 0.0 0.0 0.0 0.0 1.0
2.541942317 0.909833333333 0.0 0.0 0.0 0.0 0.0 1.0
2.552725994 0.9131875 0.0 0.0 0.0 0.0 0.0 1.0
2.562178338 0.916270833333 0.0 0.0 0.0 0.0 0.0 1.0
2.571809913 0.9193125 0.0 0.0 0.0 0.0 0.0 1.0
2.582490603 0.922645833333 0.0 0.0 0.0 0.0 0.0 1.0
2.591998633 0.925729166667 0.0 0.0 0.0 0.0 0.0 1.0
2.602425197 0.9290625 0.0 0.0 0.0 0.0 0.0 1.0
2.612330102 0.9321875 0.0 0.0 0.0 0.0 0.0 1.0
2.621774532 0.935229166667 0.0 0.0 0.0 0.0 0.0 1.0
2.632353110 0.938541666667 0.0 0.0 0.0 0.0 0.0 1.0
2.642119347 0.941645833333 0.0 0.0 0.0 0.0 0.0 1.0
2.651737462 0.9446875 0.0 0.0 0.0 0.0 0.0 1.0
2.662705018 0.948104166667 0.0 0.0 0.0 0.0 0.0 1.0
2.672115289 0.9511875 0.0 0.0 0.0 0.0 0.0 1.0
2.682090436 0.95425 0.0 0.0 0.0 0.0 0.0 1.0
2.691902892 0.957395833333 0.0 0.0 0.0 0.0 0.0 1.0
2.702489058 0.960854166667 0.0 0.0 0.0 0.0 0.0 1.0
2.712422634 0.963958333333 0.0 0.0 0.0 0.0 0.0 1.0
2.721996782 0.967020833333 0.0 0.0 0.0 0.0 0.0 1.0
2.732633736 0.970395833333 0.0 0.0 0.0 0.0 0.0 1.0
2.742285643 0.973458333333 0.0 0.0 0.0 0.0 0.0 1.0
2.752027271 0.976520833333 0.0 0.0 0.0 0.0 0.0 1.0
2.761642992 0.979604166667 0.0 0.0 0.0 0.0 0.0 1.0
2.772301959 0.983 0.0 0.0 0.0 0.0 0.0 1.0
2.781956262 0.986104166667 0.0 0.0 0.0 0.0 0.0 1.0
2.791619342 0.989125 0.0 0.0 0.0 0.0 0.0 1.0
2.802187156 0.992541666667 0.0 0.0 0.0 0.0 0.0 1.0
2.812349691 0.995708333333 0.0 0.0 0.0 0.0 0.0 1.0
2.821954034 0.9988125 0.0 0.0 0.0 0.0 0.0 1.0
2.831520177 1.00185416667 0.0 0.0 0.0 0.0 0.0 1.0
2.841976351 1.00520833333 0.0 0.0 0.0 0.0 0.0 1.0
2.852579238 1.00854166667 0.0 0.0 0.0 0.0 0.0 1.0
2.862097115 1.01160416667 0.0 0.0 0.0 0.0 0.0 1.0
2.871759643 1.014625 0.0 0.0 0.0 0.0 0.0 1.0
2.882349931 1.018 0.0 0.0 0.0 0.0 0.0 1.0
2.891870140 1.0210625 0.0 0.0 0.0 0.0 0.0 1.0
2.902318496 1.024375 0.0 0.0 0.0 0.0 0.0 1.0
2.912309301 1.0275 0.0 0.0 0.0 0.0 0.0 1.0
2.922247039 1.03060416667 0.0 0.0 0.0 0.0 0.0 1.0
2.931998801 1.03375 0.0 0.0 0.0 0.0 0.0 1.0
2.941351936 1.0368125 0.0 0.0 0.0 0.0 0.0 1.0
2.951972341 1.04016666667 0.0 0.0 0.0 0.0 0.0 1.0
2.962455208 1.0435 0.0 0.0 0.0 0.0 0.0 1.0
2.972127543 1.04652083333 0.0 0.0 0.0 0.0 0.0 1.0
2.981732590 1.04958333333 0.0 0.0 0.0 0.0 0.0 1.0
2.992340090 1.05297916667 0.0 0.0 0.0 0.0 0.0 1.0
3.002180375 1.05604166667 0.0 0.0 0.0 0.0 0.0 1.0
3.012202749 1.0593125 0.0 0.0 0.0 0.0 0.0 1.0
3.021834684 1.06235416667 0.0 0.0 0.0 0.0 0.0 1.0
3.032492493 1.06575 0.0 0.0 0.0 0.0 0.0 1.0
3.042102040 1.06883333333 0.0 0.0 0.0 0.0 0.0 1.0
3.051719493 1.07185416667 0.0 0.0 0.0 0.0 0.0 1.0
3.062182623 1.075125 0.0 0.0 0.0 0.0 0.0 1.0
3.071822699 1.07791666667 0.0 0.0 0.0 0.0 0.0 1.0
3.082332933 1.08085416667 0.0 0.0 0.0 0.0 0.0 1.0
3.091815129 1.0833125 0.0 0.0 0.0 0.0 0.0 1.0
3.102321782 1.08585416667 0.0 0.0 0.0 0.0 0.0 1.0
3.112318380 1.08804166667 0.0 0.0 0.0 0.0 0.0 1.0
3.121920766 1.09002083333 0.0 0.0 0.0 0.0 0.0 1.0
3.132753466 1.092 0.0 0.0 0.0 0.0 0.0 1.0
3.142598101 1.09364583333 0.0 0.0 0.0 0.0 0.0 1.0
3.152248989 1.0950625 0.0 0.0 0.0 0.0 0.0 1.0
3.162021998 1.09629166667 0.0 0.0 0.0 0.0 0.0 1.0
3.171492561 1.09735416667 0.0 0.0 0.0 0.0 0.0 1.0
3.181999434 1.09829166667 0.0 0.0 0.0 0.0 0.0 1.0
3.191630059 1.09897916667 0.0 0.0 0.0 0.0 0.0 1.0
3.202143152 1.09954166667 0.0 0.0 0.0 0.0 0.0 1.0
3.212288870 1.09985416667 0.0 0.0 0.0 0.0 0.0 1.0
3.221776157 1.1 0.0 0.0 0.0 0.0 0.0 1.0
3.232488434 1.1 0.0 0.0 0.0 0.0 0.0 1.0
3.242201758 1.1 0.0 0.0 0.0 0.0 0.0 1.0
3.251878201 1.1 0.0 0.0 0.0 0.0 0.0 1.0
3.262447886 1.1 0.0 0.0 0.0 0.0 0.0 1.0
3.272186035 1.1 0.0 0.0 0.0 0.0 0.0 1.0
3.281965502 1.1 0.0 0.0 0.0 0.0 0.0 1.0
3.291747368 1.1 0.0 0.0 0.0 0.0 0.0 1.0
3.302475298 1.1 0.0 0.0 0.0 0.0 0.0 1.0
3.312814351 1.1 0.0 0.0 0.0 0.0 0.0 1.0
3.322250411 1.0999375 0.0 0.0 0.0 0.0 0.0 1.0
3.331824592 1.09970833333 0.0 0.0 0.0 0.0 0.0 1.0
3.342388824 1.09922916667 0.0 0.0 0.0 0.0 0.0 1.0
3.351938921 1.098625 0.0 0.0 0.0 0.0 0.0 1.0
3.362421576 1.09772916667 0.0 0.0 0.0 0.0 0.0 1.0
3.371996201 1.09675 0.0 0.0 0.0 0.0 0.0 1.0
3.381483264 1.09560416667 0.0 0.0 0.0 0.0 0.0 1.0
3.391971458 1.094125 0.0 0.0 0.0 0.0 0.0 1.0
3.402486198 1.0924375 0.0 0.0 0.0 0.0 0.0 1.0
